4.525907
4.533627
4.444160
4.429854
4.439391
4.407032
4.458466
4.463915
4.014945
4.467435
4.577452
4.453243
4.460509
4.522954
4.464597
4.534195
4.485260
4.463121
4.452448
4.467435
4.445522
4.318927
4.467435
4.455968
3.934559
4.443706
4.458125
4.463348
4.429967
4.449269
4.459147
4.463915
4.466867
4.400334
4.503085
4.573478
4.518413
4.457444
4.648866
4.457671
4.527950
4.461872
4.463121
4.451767
4.464710
4.465165
4.465846
4.466300
4.466413
4.466867
4.535103
4.467435
4.467435
4.464483
4.509898
4.518527
4.523181
4.458352
4.461645
4.531697
4.532492
4.533400
4.522841
4.466867
4.467322
4.361843
4.467549
4.497862
4.441435
4.434623
4.452107
4.454946
4.456195
4.457444
4.448020
4.461872
4.462667
4.531243
4.532151
4.725731
4.465619
4.466187
4.467322
4.466867
4.457671
4.465959
4.440300
4.455287
4.459147
4.461418
4.462893
4.464143
4.465505
4.466754
4.467435
4.457785
4.533287
4.448701
4.409303
4.461986
4.533854
4.525907
4.460055
4.386709
4.512168
4.452221
4.526474
4.461531
4.463007
4.465392
4.466413
4.467435
4.419634
4.422247
4.451313
4.443365
4.516028
4.529313
4.463007
4.532265
4.464937
4.465505
4.466527
4.467435
4.490823
4.451427
4.451653
4.450972
4.411688
4.466073
4.467094
4.463007
4.428378
4.430422
4.424291
4.587216
4.465051
4.534081
4.455741
4.467435
4.463802
4.450972
4.469478
4.510125
4.450632
4.448361
4.526815
4.462213
4.464256
4.465165
4.465846
4.466527
4.455513
4.535103
4.467435
4.467322
4.414526
4.464256
4.467435
4.386482
4.442343
4.520797
4.591531
4.525339
4.458125
4.459714
4.528518
4.529994
4.451880
4.462893
4.463348
4.464710
4.589714
4.465392
4.466413
4.534081
4.466867
4.458012
4.466867
4.467094
4.467435
4.457444
4.444614
4.466867
4.465732
4.270443
4.531016
4.466754
4.408963
4.438142
4.453697
4.526587
4.460282
4.462213
4.463461
4.464370
4.465392
4.465846
4.466413
4.466754
4.467094
4.467435
4.525907
4.533741
4.463802
4.445522
4.460282
4.465051
4.467322
4.415207
4.448361
4.454719
4.450064
4.464143
4.466754
4.529540
4.502858
4.445863
4.450745
4.441435
4.443365
4.524090
4.457671
4.530221
4.448474
4.528404
4.461645
4.466867
4.448361
4.463688
4.532151
4.532605
4.464824
4.464824
4.458352
4.466073
4.466413
4.455968
4.466981
4.466867
4.404762
4.458125
4.460736
4.466640
4.465846
4.466640
4.535103
4.467435
